# Created by Octave 3.4.3, Thu Jul 10 22:35:37 2014 NZST <gsmyth@LP134GET.ibm.com>
# name: X
# type: matrix
# rows: 10
# columns: 2
 2104 3
 1600 3
 2400 3
 1416 2
 3000 4
 1985 4
 1534 3
 1427 3
 1380 3
 1494 3


# name: ans
# type: scalar
270


# name: data
# type: matrix
# rows: 10
# columns: 3
 2104 3 399900
 1600 3 329900
 2400 3 369000
 1416 2 232000
 3000 4 539900
 1985 4 299900
 1534 3 314900
 1427 3 198999
 1380 3 212000
 1494 3 242500


# name: g
# type: matrix
# rows: 3
# columns: 1
 2
 4
 6


# name: mu
# type: matrix
# rows: 1
# columns: 2
 1834 3.1


# name: n
# type: matrix
# rows: 10
# columns: 2
 0.5040439256706757 -0.1761660658544112
 -0.4368380689145856 -0.1761660658544112
 1.056625414554083 -0.1761660658544112
 -0.7803346701123794 -1.937826724398522
 2.176723027155585 1.585494592689699
 0.2818912325047112 1.585494592689699
 -0.5600488063007508 -0.1761660658544112
 -0.7597995472146852 -0.1761660658544112
 -0.8475405268684695 -0.1761660658544112
 -0.6347219804741843 -0.1761660658544112


# name: n1
# type: matrix
# rows: 10
# columns: 2
 270 -0.1000000000000001
 -234 -0.1000000000000001
 566 -0.1000000000000001
 -418 -1.1
 1166 0.8999999999999999
 151 0.8999999999999999
 -300 -0.1000000000000001
 -407 -0.1000000000000001
 -454 -0.1000000000000001
 -340 -0.1000000000000001


# name: n2
# type: matrix
# rows: 10
# columns: 2
 0.5040439256706757 -0.1761660658544112
 -0.4368380689145856 -0.1761660658544112
 1.056625414554083 -0.1761660658544112
 -0.7803346701123794 -1.937826724398522
 2.176723027155585 1.585494592689699
 0.2818912325047112 1.585494592689699
 -0.5600488063007508 -0.1761660658544112
 -0.7597995472146852 -0.1761660658544112
 -0.8475405268684695 -0.1761660658544112
 -0.6347219804741843 -0.1761660658544112


# name: sigma
# type: matrix
# rows: 1
# columns: 2
 535.667600082157 0.5676462121975467


# name: y
# type: matrix
# rows: 10
# columns: 1
 399900
 329900
 369000
 232000
 539900
 299900
 314900
 198999
 212000
 242500


