# Created by Octave 3.4.3, Sat Jul 05 15:13:53 2014 NZST <gsmyth@LP134GET.ibm.com>
# name: v
# type: matrix
# rows: 1
# columns: 10
 2104 1600 2400 1416 3000 1985 1534 1427 1380 1494


